2800.6790 1630.6756
2808.4963 1955.8117
2816.3235 2571.8303
2824.1605 4104.2023
2832.0073 9052.0555
2839.8639 22501.8314
2847.7304 33646.5296
2855.6068 27577.3031
2863.4930 23961.5832
2871.3892 26628.6839
2879.2953 45861.9669
2887.2114 30564.0799
2895.1374 19336.4678
2903.0734 16895.7331
2911.0194 14777.0943
2918.9755 13009.5120
2926.9416 11862.3063
2934.9177 10805.7819
2942.9040 9345.3907
2950.9003 5761.3159
2958.9068 4420.2700
2966.9234 3272.5754
2974.9502 2306.1853
2982.9871 1971.0950
2991.0343 1750.9996
2999.0917 2242.9636
3007.1593 2148.5980
3015.2371 2546.5932
3023.3253 1288.4988
3031.4237 865.8549
3039.5325 782.0446
3047.6515 742.8950
3055.7810 508.7041
