2800.6790 1826.7435
2808.4963 2800.7196
2816.3235 5120.9700
2824.1605 10553.8030
2832.0073 25823.8988
2839.8639 67676.7328
2847.7304 103222.9630
2855.6068 85811.9549
2863.4930 74291.8301
2871.3892 80091.6309
2879.2953 117964.0263
2887.2114 94072.2674
2895.1374 72486.2514
2903.0734 62801.1993
2911.0194 51732.7164
2918.9755 46938.6090
2926.9416 49179.0802
2934.9177 50852.1989
2942.9040 38030.2317
2950.9003 27751.7733
2958.9068 25793.1879
2966.9234 20478.3009
2974.9502 15351.2942
2982.9871 12370.0694
2991.0343 10622.5818
2999.0917 10877.5269
3007.1593 13697.3561
3015.2371 12716.1532
3023.3253 8767.3491
3031.4237 3798.2551
3039.5325 2202.5891
3047.6515 1473.5777
3055.7810 784.8741
