2800.6790 12869.3254
2808.4963 14336.1400
2816.3235 17090.8429
2824.1605 23390.8840
2832.0073 44158.6286
2839.8639 102722.0711
2847.7304 153011.2487
2855.6068 125107.7450
2863.4930 108963.4839
2871.3892 119690.1656
2879.2953 199020.5231
2887.2114 144385.5921
2895.1374 99714.7182
2903.0734 86433.3286
2911.0194 74656.5258
2918.9755 66838.2276
2926.9416 63171.7327
2934.9177 58682.1049
2942.9040 47976.8272
2950.9003 32684.1832
2958.9068 28383.7564
2966.9234 21662.4140
2974.9502 16776.7098
2982.9871 14758.6097
2991.0343 13619.2132
2999.0917 14861.6513
3007.1593 14446.1539
3015.2371 15178.7417
3023.3253 11222.3279
3031.4237 9625.9738
3039.5325 9197.2537
3047.6515 8869.0639
3055.7810 8175.7257
