2800.6790 50.9452
2808.4963 173.1885
2816.3235 313.5129
2824.1605 615.3710
2832.0073 1369.9276
2839.8639 4755.9550
2847.7304 8941.1221
2855.6068 7391.6189
2863.4930 6584.1429
2871.3892 7144.9139
2879.2953 10769.1907
2887.2114 9805.0207
2895.1374 7298.3634
2903.0734 6343.0451
2911.0194 5617.1001
2918.9755 5033.6370
2926.9416 4885.7779
2934.9177 5008.3560
2942.9040 4297.8913
2950.9003 3339.6783
2958.9068 3142.8807
2966.9234 2805.2107
2974.9502 2135.4963
2982.9871 1528.8440
2991.0343 1051.6363
2999.0917 761.5059
3007.1593 532.4202
3015.2371 370.8484
3023.3253 247.1349
3031.4237 160.9402
3039.5325 94.7700
3047.6515 41.2317
3055.7810 14.8104
