2800.6790 -78.4427
2808.4963 115.1968
2816.3235 287.3279
2824.1605 1163.6563
2832.0073 3837.9207
2839.8639 10834.3936
2847.7304 19160.0599
2855.6068 17747.1071
2863.4930 16963.0206
2871.3892 18255.1587
2879.2953 22698.0320
2887.2114 21929.1950
2895.1374 17147.9727
2903.0734 15978.6173
2911.0194 15154.9608
2918.9755 14414.2751
2926.9416 14015.3105
2934.9177 13413.8247
2942.9040 10739.8778
2950.9003 7933.0856
2958.9068 6696.7264
2966.9234 5115.9834
2974.9502 2990.6124
2982.9871 1488.6933
2991.0343 526.5935
2999.0917 206.4219
3007.1593 148.8860
3015.2371 45.1756
3023.3253 -14.9498
3031.4237 -10.2252
3039.5325 -25.5178
3047.6515 24.6985
3055.7810 13.0729
