2800.6790 81.8101
2808.4963 191.5003
2816.3235 289.5864
2824.1605 604.3584
2832.0073 1631.0865
2839.8639 5412.2420
2847.7304 9750.0563
2855.6068 7981.1026
2863.4930 7069.2807
2871.3892 7172.1563
2879.2953 11180.1387
2887.2114 10484.6969
2895.1374 6832.1624
2903.0734 5727.9833
2911.0194 4643.6403
2918.9755 3893.9466
2926.9416 3609.3327
2934.9177 3502.7858
2942.9040 2574.0370
2950.9003 1391.4736
2958.9068 1030.1801
2966.9234 630.3912
2974.9502 264.2109
2982.9871 17.9468
2991.0343 -36.9134
2999.0917 -17.3970
3007.1593 67.5810
3015.2371 12.9809
3023.3253 -29.6063
3031.4237 -112.3281
3039.5325 -126.3161
3047.6515 -121.0561
3055.7810 -81.8891
