2800.6790 9008.8594
2808.4963 10221.4437
2816.3235 13862.5212
2824.1605 25794.8787
2832.0073 56098.3346
2839.8639 106521.8682
2847.7304 126137.1952
2855.6068 121198.4170
2863.4930 123087.4102
2871.3892 151911.9153
2879.2953 188602.1650
2887.2114 154200.3810
2895.1374 114698.0326
2903.0734 102104.0220
2911.0194 84580.9178
2918.9755 75750.8147
2926.9416 87141.1741
2934.9177 86576.9360
2942.9040 62908.8679
2950.9003 42294.5023
2958.9068 33196.1761
2966.9234 26780.8251
2974.9502 22125.2765
2982.9871 21444.4874
2991.0343 24295.0685
2999.0917 26536.4685
3007.1593 16874.6023
3015.2371 9102.3448
3023.3253 5016.2542
3031.4237 3257.5777
3039.5325 2180.2853
3047.6515 1811.7116
3055.7810 1519.2394
