2800.6790 2557.2455
2808.4963 3041.3164
2816.3235 4195.9717
2824.1605 7679.7387
2832.0073 11397.4604
2839.8639 20109.0554
2847.7304 31086.1737
2855.6068 30585.6625
2863.4930 33328.7535
2871.3892 32870.3912
2879.2953 29402.8529
2887.2114 31349.3169
2895.1374 31971.8584
2903.0734 30798.6581
2911.0194 29052.5412
2918.9755 28538.5708
2926.9416 30647.7077
2934.9177 31484.6725
2942.9040 27113.6022
2950.9003 24422.7790
2958.9068 20931.3481
2966.9234 20434.2095
2974.9502 14731.1787
2982.9871 8409.0353
2991.0343 5354.5265
2999.0917 4691.7631
3007.1593 5416.6635
3015.2371 4744.9383
3023.3253 3332.9946
3031.4237 2799.9956
3039.5325 2242.9846
3047.6515 1786.4119
3055.7810 1512.7398
