2800.6790 1784.7551
2808.4963 2428.9309
2816.3235 4138.6841
2824.1605 8572.1107
2832.0073 13001.8800
2839.8639 23784.0611
2847.7304 31471.6558
2855.6068 32262.7758
2863.4930 36897.6503
2871.3892 37933.5478
2879.2953 30823.7821
2887.2114 32156.8730
2895.1374 29872.4552
2903.0734 30810.9476
2911.0194 29472.4561
2918.9755 29293.7480
2926.9416 34251.6429
2934.9177 37839.2410
2942.9040 35076.3917
2950.9003 28963.8812
2958.9068 25157.2021
2966.9234 17977.8052
2974.9502 13701.6371
2982.9871 11797.1784
2991.0343 8685.6720
2999.0917 4816.5009
3007.1593 2911.2475
3015.2371 2031.6174
3023.3253 1641.5131
3031.4237 1782.6238
3039.5325 2172.6680
3047.6515 1786.7818
3055.7810 1336.6469
