2800.6790 282.8111
2808.4963 606.4858
2816.3235 1120.7058
2824.1605 1914.9623
2832.0073 3555.9859
2839.8639 7883.6803
2847.7304 19420.6322
2855.6068 22511.6527
2863.4930 18925.3190
2871.3892 18716.9058
2879.2953 19630.4705
2887.2114 20775.7495
2895.1374 21457.9860
2903.0734 21356.8498
2911.0194 20825.6145
2918.9755 20514.0215
2926.9416 20536.5386
2934.9177 19784.8728
2942.9040 15569.2125
2950.9003 10969.8699
2958.9068 9470.4854
2966.9234 7513.8194
2974.9502 4871.0241
2982.9871 2932.8456
2991.0343 2049.3783
2999.0917 2349.3617
3007.1593 5119.8361
3015.2371 8304.2184
3023.3253 5057.5883
3031.4237 1470.7587
3039.5325 150.9299
3047.6515 -103.0593
3055.7810 -97.9962
