2800.6790 -105.1756
2808.4963 -36.3571
2816.3235 142.7803
2824.1605 559.6896
2832.0073 2682.8775
2839.8639 9152.2321
2847.7304 15958.2455
2855.6068 13898.7440
2863.4930 11801.2014
2871.3892 12664.6370
2879.2953 22522.4469
2887.2114 21458.4763
2895.1374 11918.9569
2903.0734 9629.3146
2911.0194 7846.5325
2918.9755 6209.5646
2926.9416 5774.7728
2934.9177 5702.6485
2942.9040 3538.0369
2950.9003 2122.6620
2958.9068 2198.8437
2966.9234 1704.8769
2974.9502 1779.9062
2982.9871 652.2484
2991.0343 -24.6398
2999.0917 -68.8466
3007.1593 -25.4893
3015.2371 -46.3254
3023.3253 95.6112
3031.4237 -137.2544
3039.5325 -310.1171
3047.6515 -400.3800
3055.7810 -402.2409
