2800.6790 455.0982
2808.4963 530.6599
2816.3235 779.2047
2824.1605 1393.0849
2832.0073 3286.3312
2839.8639 9449.9214
2847.7304 14676.7010
2855.6068 11632.1380
2863.4930 10011.7040
2871.3892 11249.2285
2879.2953 19244.7550
2887.2114 17521.7631
2895.1374 10216.8852
2903.0734 8455.7888
2911.0194 6593.0723
2918.9755 5480.4369
2926.9416 5452.2690
2934.9177 5573.1418
2942.9040 4164.2755
2950.9003 2784.5072
2958.9068 2429.0268
2966.9234 1756.3690
2974.9502 999.3577
2982.9871 836.6656
2991.0343 768.1219
2999.0917 858.8736
3007.1593 1792.2935
3015.2371 1565.7415
3023.3253 396.4861
3031.4237 107.6409
3039.5325 86.6975
3047.6515 61.6708
3055.7810 44.5010
