2800.6790 309.1191
2808.4963 596.3249
2816.3235 1051.0508
2824.1605 1926.0030
2832.0073 4566.2228
2839.8639 14944.6763
2847.7304 24854.6629
2855.6068 20807.3234
2863.4930 18754.7789
2871.3892 19682.1358
2879.2953 25449.3901
2887.2114 22404.3218
2895.1374 17467.2316
2903.0734 15375.9616
2911.0194 13162.8961
2918.9755 12493.3596
2926.9416 13494.2322
2934.9177 12776.4337
2942.9040 8284.6541
2950.9003 4311.9257
2958.9068 3576.1522
2966.9234 3084.0779
2974.9502 2075.0115
2982.9871 1705.2270
2991.0343 1269.4044
2999.0917 677.8418
3007.1593 455.7790
3015.2371 395.8513
3023.3253 348.8291
3031.4237 299.8024
3039.5325 250.4953
3047.6515 243.1448
3055.7810 214.2261
