2800.6790 19414.8336
2808.4963 20024.6187
2816.3235 21243.9719
2824.1605 24041.5961
2832.0073 31076.9376
2839.8639 57401.3904
2847.7304 92866.4357
2855.6068 77458.4420
2863.4930 70736.5550
2871.3892 74152.6994
2879.2953 107024.1460
2887.2114 120810.7195
2895.1374 80864.2973
2903.0734 66272.2399
2911.0194 56845.9018
2918.9755 49383.4350
2926.9416 51045.4776
2934.9177 50393.3931
2942.9040 36766.8460
2950.9003 29744.9379
2958.9068 31021.2772
2966.9234 25412.2200
2974.9502 21635.7741
2982.9871 20217.6130
2991.0343 18980.3471
2999.0917 21399.8327
3007.1593 21935.5445
3015.2371 18077.7467
3023.3253 16653.3509
3031.4237 15980.5429
3039.5325 15560.1688
3047.6515 15262.7993
3055.7810 15072.5356
