2800.6790 3171.8479
2808.4963 3786.0527
2816.3235 5128.7621
2824.1605 7963.2613
2832.0073 15101.7573
2839.8639 41612.9976
2847.7304 76221.8065
2855.6068 61472.0167
2863.4930 54911.2139
2871.3892 58387.0842
2879.2953 91251.3752
2887.2114 104640.2000
2895.1374 65297.3700
2903.0734 50718.9561
2911.0194 41200.8507
2918.9755 33925.4994
2926.9416 35579.0650
2934.9177 34990.0782
2942.9040 21405.8152
2950.9003 14575.1611
2958.9068 15728.4378
2966.9234 10301.2416
2974.9502 6542.0343
2982.9871 5120.2222
2991.0343 4012.7124
2999.0917 6492.6585
3007.1593 7103.2355
3015.2371 3314.5829
3023.3253 1904.7085
3031.4237 1254.8589
3039.5325 820.5824
3047.6515 561.2977
3055.7810 416.0700
