2800.6790 5490.0042
2808.4963 6350.6019
2816.3235 7569.7924
2824.1605 8822.5313
2832.0073 10584.6482
2839.8639 12929.8546
2847.7304 15187.2599
2855.6068 17019.6916
2863.4930 18830.1751
2871.3892 22170.8186
2879.2953 24665.6771
2887.2114 24485.5550
2895.1374 26049.4995
2903.0734 28231.8455
2911.0194 30354.8036
2918.9755 30596.9162
2926.9416 29827.5233
2934.9177 31525.3640
2942.9040 27519.7986
2950.9003 23658.7729
2958.9068 22664.2422
2966.9234 21782.5495
2974.9502 18725.0771
2982.9871 15024.0993
2991.0343 13415.0949
2999.0917 15318.0904
3007.1593 25911.5680
3015.2371 42906.9945
3023.3253 35581.6179
3031.4237 18653.5627
3039.5325 10947.6038
3047.6515 7943.7381
3055.7810 6642.7751
