2800.6790 40519.7639
2808.4963 40665.3586
2816.3235 40767.1201
2824.1605 40866.9014
2832.0073 40945.7041
2839.8639 41012.4871
2847.7304 41169.1459
2855.6068 41325.0107
2863.4930 41599.4344
2871.3892 41840.4779
2879.2953 41694.9216
2887.2114 41687.3132
2895.1374 41796.9566
2903.0734 42127.1254
2911.0194 42631.3493
2918.9755 43329.2501
2926.9416 43258.4981
2934.9177 43520.4394
2942.9040 43541.9995
2950.9003 44142.5833
2958.9068 45088.1178
2966.9234 44755.1678
2974.9502 44455.4584
2982.9871 44413.9175
2991.0343 44547.8537
2999.0917 45083.1133
3007.1593 45653.9605
3015.2371 45663.4296
3023.3253 46372.2444
3031.4237 46493.3391
3039.5325 47091.3172
3047.6515 47546.4325
3055.7810 47737.2089
