2800.6790 1459.3938
2808.4963 1683.2775
2816.3235 2187.8818
2824.1605 3123.7851
2832.0073 5204.0923
2839.8639 11822.6892
2847.7304 27867.1117
2855.6068 28246.2355
2863.4930 23287.7314
2871.3892 23253.8726
2879.2953 26067.6326
2887.2114 29117.5605
2895.1374 29732.4880
2903.0734 28645.4977
2911.0194 26608.5541
2918.9755 25198.5077
2926.9416 24675.6435
2934.9177 23139.1424
2942.9040 18184.3346
2950.9003 13815.9580
2958.9068 12882.1432
2966.9234 10952.7681
2974.9502 8301.8130
2982.9871 6421.0346
2991.0343 5345.5053
2999.0917 5117.5723
3007.1593 5189.4286
3015.2371 4087.0950
3023.3253 2846.7306
3031.4237 1892.9550
3039.5325 1342.5005
3047.6515 1028.1029
3055.7810 806.0340
