2800.6790 0.1055
2808.4963 0.1191
2816.3235 0.1220
2824.1605 0.1313
2832.0073 0.1471
2839.8639 0.1763
2847.7304 0.2051
2855.6068 0.2480
2863.4930 0.2881
2871.3892 0.3772
2879.2953 0.5056
2887.2114 0.6356
2895.1374 0.7403
2903.0734 0.8367
2911.0194 0.9121
2918.9755 0.9604
2926.9416 0.9867
2934.9177 0.9544
2942.9040 0.9070
2950.9003 0.7971
2958.9068 0.6700
2966.9234 0.5585
2974.9502 0.4501
2982.9871 0.3476
2991.0343 0.2626
2999.0917 0.2085
3007.1593 0.1622
3015.2371 0.1260
3023.3253 0.1052
3031.4237 0.0900
3039.5325 0.0904
3047.6515 0.0735
3055.7810 0.0669
