2800.6790 446.8303
2808.4963 516.6642
2816.3235 640.8936
2824.1605 1021.3336
2832.0073 1756.6762
2839.8639 3980.3405
2847.7304 6759.3748
2855.6068 6045.6828
2863.4930 5470.6890
2871.3892 6112.0483
2879.2953 7487.8588
2887.2114 7258.9997
2895.1374 6484.1555
2903.0734 5982.9560
2911.0194 5487.2808
2918.9755 5191.1249
2926.9416 5101.6538
2934.9177 5005.7953
2942.9040 4216.3911
2950.9003 3215.3827
2958.9068 2917.7802
2966.9234 2426.1574
2974.9502 1817.0258
2982.9871 1421.7895
2991.0343 1060.1417
2999.0917 937.5998
3007.1593 1305.9709
3015.2371 1378.4298
3023.3253 794.3244
3031.4237 432.4863
3039.5325 310.6600
3047.6515 251.5240
3055.7810 232.5829
