2800.6790 5097.0153
2808.4963 6033.1895
2816.3235 8041.7992
2824.1605 12462.1698
2832.0073 21768.3827
2839.8639 47667.1074
2847.7304 88496.4057
2855.6068 79164.7603
2863.4930 69952.9429
2871.3892 76943.5003
2879.2953 94204.3305
2887.2114 89319.5217
2895.1374 83262.7182
2903.0734 83548.5861
2911.0194 72869.1856
2918.9755 67335.0026
2926.9416 68891.5309
2934.9177 69533.8889
2942.9040 55030.2385
2950.9003 40796.5938
2958.9068 41089.2024
2966.9234 32141.9380
2974.9502 22594.2134
2982.9871 16461.4426
2991.0343 11005.5636
2999.0917 10953.4215
3007.1593 19303.5991
3015.2371 21479.6873
3023.3253 11522.9699
3031.4237 5919.1352
3039.5325 3676.0643
3047.6515 2668.4719
3055.7810 2091.3255
