2800.6790 8668.2837
2808.4963 9846.5676
2816.3235 11347.6515
2824.1605 14605.1735
2832.0073 26686.1941
2839.8639 83698.8943
2847.7304 136088.4340
2855.6068 108108.2360
2863.4930 90029.7968
2871.3892 104019.0348
2879.2953 195233.1983
2887.2114 159352.0692
2895.1374 86343.2806
2903.0734 75094.0982
2911.0194 60366.5600
2918.9755 60082.6120
2926.9416 65750.9600
2934.9177 53333.5286
2942.9040 41806.0133
2950.9003 24940.5519
2958.9068 22041.0708
2966.9234 23129.8143
2974.9502 11366.0872
2982.9871 8461.8957
2991.0343 7493.8637
2999.0917 6764.0539
3007.1593 6264.2479
3015.2371 5878.6101
3023.3253 5522.0417
3031.4237 5154.7564
3039.5325 4903.1575
3047.6515 4637.5624
3055.7810 4413.2433
