2800.6790 1633.5994
2808.4963 1772.9669
2816.3235 2119.8855
2824.1605 2520.6951
2832.0073 3136.4428
2839.8639 3965.7407
2847.7304 6110.8240
2855.6068 7790.9015
2863.4930 7274.9453
2871.3892 7227.6932
2879.2953 7722.0152
2887.2114 7970.3361
2895.1374 8587.0748
2903.0734 8904.4377
2911.0194 8875.7374
2918.9755 8346.8975
2926.9416 8389.5695
2934.9177 8819.9419
2942.9040 7308.4183
2950.9003 5800.0966
2958.9068 5161.7834
2966.9234 4921.4743
2974.9502 4225.0768
2982.9871 3271.0478
2991.0343 2901.0027
2999.0917 3424.5669
3007.1593 5934.0687
3015.2371 9473.1986
3023.3253 7181.1323
3031.4237 3690.1755
3039.5325 2428.2947
3047.6515 1973.5503
3055.7810 1816.2028
