2800.6790 4585.7519
2808.4963 5179.1022
2816.3235 5917.3087
2824.1605 7621.4002
2832.0073 13726.5891
2839.8639 37801.1681
2847.7304 58200.3234
2855.6068 47813.0055
2863.4930 39067.8461
2871.3892 43699.8048
2879.2953 81992.1523
2887.2114 70112.6920
2895.1374 39808.8301
2903.0734 34206.2908
2911.0194 27965.8284
2918.9755 26472.9535
2926.9416 28358.6896
2934.9177 25108.4990
2942.9040 17923.5243
2950.9003 11102.6532
2958.9068 11220.8498
2966.9234 11784.2348
2974.9502 6237.2009
2982.9871 4836.9829
2991.0343 4370.3111
2999.0917 4050.6492
3007.1593 3825.3361
3015.2371 3659.7860
3023.3253 3470.8603
3031.4237 3385.1737
3039.5325 3238.0811
3047.6515 3152.0720
3055.7810 3079.1524
