2800.6790 255.3659
2808.4963 319.6438
2816.3235 591.7045
2824.1605 1310.3524
2832.0073 2866.4639
2839.8639 6697.3881
2847.7304 12191.3035
2855.6068 10440.0349
2863.4930 9539.6627
2871.3892 10674.5846
2879.2953 13471.1018
2887.2114 14041.7580
2895.1374 11745.3651
2903.0734 11138.8427
2911.0194 9846.5597
2918.9755 9290.6814
2926.9416 8788.7122
2934.9177 8368.2028
2942.9040 6600.6837
2950.9003 4967.6880
2958.9068 4626.3926
2966.9234 3545.1626
2974.9502 2414.5920
2982.9871 1961.2402
2991.0343 1916.7284
2999.0917 2662.2435
3007.1593 2715.3437
3015.2371 1461.6742
3023.3253 808.5115
3031.4237 484.8213
3039.5325 325.1518
3047.6515 284.5098
3055.7810 269.5497
