2800.6790 51.3996
2808.4963 73.2137
2816.3235 122.9737
2824.1605 213.8687
2832.0073 534.2600
2839.8639 1644.4555
2847.7304 2718.3013
2855.6068 2213.9075
2863.4930 2011.9379
2871.3892 2168.6270
2879.2953 3872.8712
2887.2114 3056.4577
2895.1374 1850.5234
2903.0734 1625.8258
2911.0194 1425.3536
2918.9755 1158.6556
2926.9416 1082.2074
2934.9177 1001.0027
2942.9040 827.1333
2950.9003 640.3436
2958.9068 566.8843
2966.9234 446.7436
2974.9502 330.5876
2982.9871 197.1820
2991.0343 122.9571
2999.0917 130.5233
3007.1593 104.1566
3015.2371 68.0009
3023.3253 46.5288
3031.4237 38.5770
3039.5325 17.3602
3047.6515 -14.1208
3055.7810 -7.2784
