2800.6790 1608.5918
2808.4963 1756.0357
2816.3235 2013.1795
2824.1605 2447.0601
2832.0073 3721.8798
2839.8639 9285.0052
2847.7304 15258.1054
2855.6068 12312.7568
2863.4930 11845.4920
2871.3892 12958.8926
2879.2953 18800.1459
2887.2114 15813.7377
2895.1374 12115.6788
2903.0734 11131.9708
2911.0194 10164.1356
2918.9755 9614.7308
2926.9416 9445.9487
2934.9177 9472.7115
2942.9040 8066.7232
2950.9003 6384.4019
2958.9068 6483.6231
2966.9234 5888.4953
2974.9502 4627.8778
2982.9871 3633.6430
2991.0343 2993.1587
2999.0917 2645.6512
3007.1593 2325.4411
3015.2371 2115.5510
3023.3253 1910.8480
3031.4237 1779.8639
3039.5325 1711.8747
3047.6515 1645.6370
3055.7810 1573.2141
