2800.6790 0.0110
2808.4963 0.0170
2816.3235 0.0261
2824.1605 0.0377
2832.0073 0.0509
2839.8639 0.0726
2847.7304 0.1207
2855.6068 0.1895
2863.4930 0.3039
2871.3892 0.4574
2879.2953 0.5213
2887.2114 0.5362
2895.1374 0.5857
2903.0734 0.6406
2911.0194 0.7481
2918.9755 0.8705
2926.9416 0.9517
2934.9177 0.9849
2942.9040 0.9219
2950.9003 0.7988
2958.9068 0.7415
2966.9234 0.6982
2974.9502 0.6380
2982.9871 0.5575
2991.0343 0.4370
2999.0917 0.3221
3007.1593 0.2301
3015.2371 0.1615
3023.3253 0.1204
3031.4237 0.1000
3039.5325 0.1049
3047.6515 0.1145
3055.7810 0.1364
