2800.6790 39506.3844
2808.4963 39190.6701
2816.3235 38995.0310
2824.1605 38920.9312
2832.0073 39017.5539
2839.8639 38968.6219
2847.7304 38945.5588
2855.6068 38943.2080
2863.4930 38918.8653
2871.3892 38897.6572
2879.2953 39119.1947
2887.2114 40482.0420
2895.1374 44026.3237
2903.0734 49021.9192
2911.0194 44874.8310
2918.9755 40590.1243
2926.9416 39788.0632
2934.9177 39473.5700
2942.9040 39363.4278
2950.9003 39721.8687
2958.9068 40164.1944
2966.9234 40839.4380
2974.9502 42111.6842
2982.9871 46043.1049
2991.0343 44809.6816
2999.0917 39799.4648
3007.1593 38909.1318
3015.2371 40161.4013
3023.3253 45373.1893
3031.4237 47484.3167
3039.5325 42583.3103
3047.6515 40559.6387
3055.7810 40656.8140
