2800.6790 10876.6321
2808.4963 11690.9744
2816.3235 13930.4269
2824.1605 19605.7587
2832.0073 31153.6863
2839.8639 61214.0666
2847.7304 102889.5821
2855.6068 97251.6786
2863.4930 86306.3782
2871.3892 90442.7943
2879.2953 100464.9102
2887.2114 108708.4735
2895.1374 109082.4507
2903.0734 104397.5619
2911.0194 99839.7008
2918.9755 98859.1809
2926.9416 98818.0392
2934.9177 87857.2856
2942.9040 65820.6953
2950.9003 54790.3688
2958.9068 51326.3731
2966.9234 44946.3121
2974.9502 39117.3446
2982.9871 32250.3768
2991.0343 28236.1444
2999.0917 30631.3217
3007.1593 28022.8896
3015.2371 20234.4598
3023.3253 17083.3759
3031.4237 16607.2617
3039.5325 14198.3125
3047.6515 10486.1311
3055.7810 7914.1504
