2800.6790 865.5102
2808.4963 1047.8603
2816.3235 1359.1136
2824.1605 1963.8347
2832.0073 3288.9531
2839.8639 6738.9896
2847.7304 15391.4902
2855.6068 15156.8801
2863.4930 12761.6425
2871.3892 12965.5144
2879.2953 15382.5952
2887.2114 16327.9600
2895.1374 15483.3385
2903.0734 14706.9633
2911.0194 13621.8064
2918.9755 13174.3568
2926.9416 13174.2427
2934.9177 12920.6533
2942.9040 10488.7530
2950.9003 7642.1248
2958.9068 7457.8595
2966.9234 6979.9325
2974.9502 5973.9020
2982.9871 5056.3640
2991.0343 3890.3122
2999.0917 3256.1682
3007.1593 3513.3599
3015.2371 3399.6143
3023.3253 2603.6936
3031.4237 2424.0028
3039.5325 2317.0209
3047.6515 1724.2178
3055.7810 1106.2574
