2800.6790 6610.6143
2808.4963 6875.6919
2816.3235 7908.7943
2824.1605 11101.3814
2832.0073 18406.6190
2839.8639 38114.7145
2847.7304 67041.2513
2855.6068 64366.6459
2863.4930 56486.1036
2871.3892 58848.2514
2879.2953 66417.5729
2887.2114 73608.8113
2895.1374 74324.4120
2903.0734 70204.2820
2911.0194 65264.6840
2918.9755 62610.0337
2926.9416 60712.0081
2934.9177 54120.7438
2942.9040 41384.8261
2950.9003 35739.5412
2958.9068 32679.7212
2966.9234 25000.3430
2974.9502 18484.3224
2982.9871 15167.3581
2991.0343 14909.5649
2999.0917 18393.9626
3007.1593 16786.4001
3015.2371 10199.5893
3023.3253 5518.1493
3031.4237 3687.0516
3039.5325 2706.7958
3047.6515 2151.7755
3055.7810 1924.2106
