2800.6790 7419.9675
2808.4963 8509.2385
2816.3235 10426.6198
2824.1605 14366.8829
2832.0073 21934.5582
2839.8639 43361.5420
2847.7304 90101.4924
2855.6068 86883.6665
2863.4930 74115.9634
2871.3892 75985.5875
2879.2953 85639.3849
2887.2114 90216.2101
2895.1374 88236.8232
2903.0734 84989.8038
2911.0194 80321.5616
2918.9755 78974.5083
2926.9416 79662.3767
2934.9177 77910.4433
2942.9040 62096.8589
2950.9003 47070.5003
2958.9068 45854.2219
2966.9234 42164.7368
2974.9502 36570.8526
2982.9871 30718.2291
2991.0343 24455.6716
2999.0917 21798.0570
3007.1593 25291.3023
3015.2371 25139.7058
3023.3253 18905.3471
3031.4237 16559.1189
3039.5325 14769.7338
3047.6515 11322.5799
3055.7810 8327.6898
