2800.6790 124.2831
2808.4963 218.2008
2816.3235 335.5753
2824.1605 616.9908
2832.0073 1273.3388
2839.8639 3021.3542
2847.7304 6515.9697
2855.6068 5660.4991
2863.4930 4939.0273
2871.3892 5363.6103
2879.2953 6900.5088
2887.2114 6725.3423
2895.1374 6071.2806
2903.0734 5646.3800
2911.0194 5215.7390
2918.9755 4921.9460
2926.9416 4836.5541
2934.9177 4767.0162
2942.9040 3842.3562
2950.9003 2775.8665
2958.9068 2732.1657
2966.9234 2502.5865
2974.9502 1777.7055
2982.9871 1324.1253
2991.0343 1039.4945
2999.0917 1001.8119
3007.1593 1495.4220
3015.2371 1985.5883
3023.3253 1083.8856
3031.4237 460.1873
3039.5325 251.1485
3047.6515 146.2014
3055.7810 61.6872
