2800.6790 21.0890
2808.4963 -6.1233
2816.3235 26.6853
2824.1605 220.6749
2832.0073 609.6548
2839.8639 1505.7113
2847.7304 3931.1569
2855.6068 4792.0444
2863.4930 3858.1640
2871.3892 3578.8927
2879.2953 3649.2858
2887.2114 3899.0770
2895.1374 4065.1734
2903.0734 4120.5356
2911.0194 3997.1053
2918.9755 3874.0609
2926.9416 3896.1076
2934.9177 3676.5414
2942.9040 2738.4805
2950.9003 1753.2633
2958.9068 1391.8250
2966.9234 1003.3746
2974.9502 603.9672
2982.9871 360.3799
2991.0343 253.2780
2999.0917 454.2261
3007.1593 679.5405
3015.2371 393.5310
3023.3253 -8.5391
3031.4237 33.1352
3039.5325 24.2951
3047.6515 5.5442
3055.7810 -15.1088
