2800.6790 -7.4375
2808.4963 49.6767
2816.3235 99.0146
2824.1605 251.7293
2832.0073 760.3203
2839.8639 2855.7495
2847.7304 4734.7121
2855.6068 4175.0258
2863.4930 3971.6021
2871.3892 4065.3366
2879.2953 7091.0032
2887.2114 5771.0081
2895.1374 3360.5640
2903.0734 2839.0991
2911.0194 2390.0868
2918.9755 2048.8411
2926.9416 1987.7313
2934.9177 2033.0249
2942.9040 1420.9248
2950.9003 922.1821
2958.9068 900.6724
2966.9234 653.4936
2974.9502 445.9421
2982.9871 223.7907
2991.0343 146.5557
2999.0917 128.5304
3007.1593 44.2914
3015.2371 -24.8224
3023.3253 -22.9909
3031.4237 -57.4479
3039.5325 -50.4581
3047.6515 -48.6617
3055.7810 -29.7926
