2800.6790 8794.7175
2808.4963 9503.1571
2816.3235 10904.7938
2824.1605 13093.5833
2832.0073 16513.9225
2839.8639 26847.6203
2847.7304 57904.5319
2855.6068 81028.9750
2863.4930 82826.2670
2871.3892 95585.8404
2879.2953 97147.6812
2887.2114 87048.8540
2895.1374 90643.3937
2903.0734 98148.6578
2911.0194 106928.8058
2918.9755 111263.7227
2926.9416 117378.0586
2934.9177 141721.0664
2942.9040 136609.3548
2950.9003 97691.3103
2958.9068 85305.8331
2966.9234 74317.6686
2974.9502 55185.0770
2982.9871 38861.7349
2991.0343 29685.7619
2999.0917 24281.2451
3007.1593 20596.7259
3015.2371 17507.3855
3023.3253 14826.6170
3031.4237 12609.3882
3039.5325 10690.2037
3047.6515 9308.5831
3055.7810 8367.7214
